mount_h: 0.4
should_w: 0.2942172496425824
roll_mount: 0.09051373592070662
wrist_off: 0.09589076394119754